insert into person_numbers
values (1, 1),
       (1, 10),
       (2, 4),
       (3, 2),
       (4, 9),
       (5, 3),
       (5, 8),
       (6, 7),
       (7, 6),
       (8, 5),

       (9, 11),
       (9, 15),
       (9, 14),
       (9, 19),
       (10, 20),
       (11, 13),
       (11, 12),
       (12, 16),
       (13, 18),
       (14, 17),

       (15, 30),
       (16, 27),
       (17, 25),
       (18, 23),
       (19, 24),
       (19, 21),
       (20, 29),
       (21, 26),
       (21, 22),
       (22, 28),

       (23, 31),
       (24, 32),
       (25, 33),
       (26, 34),
       (27, 35),
       (28, 36),
       (29, 37),
       (29, 38),
       (30, 39),
       (30, 40);